% ***********************************************************************
% dataSpec_external.m -  (August 1,2023)
% ***********************************************************************
% [1] = wavelength (nm)
% [2] = refractive index of leaf surface
%
% Refer to the code of DLM (version 2.1,July 7, 2009).
% 2009 Stuckens, J., Verstraeten, W.W., Delalieaux, S., Swennen, R. 2009. 
% A dorsiventral leaf radiative transfer model: Development,validation and improved
% model inversion techniques. Remote Sensing of Environment.

% ***********************************************************************

function f=data_external() 
 
f=[400	1.4799 
401	1.4799 
402	1.4799 
403	1.4799 
404	1.4799 
405	1.4799 
406	1.4781 
407	1.4764 
408	1.4746 
409	1.4728 
410	1.4710 
411	1.4702 
412	1.4693 
413	1.4684 
414	1.4676 
415	1.4667 
416	1.4666 
417	1.4664 
418	1.4663 
419	1.4662 
420	1.4660 
421	1.4662 
422	1.4664 
423	1.4667 
424	1.4669 
425	1.4671 
426	1.4674 
427	1.4676 
428	1.4679 
429	1.4682 
430	1.4684 
431	1.4686 
432	1.4688 
433	1.4689 
434	1.4691 
435	1.4693 
436	1.4693 
437	1.4694 
438	1.4694 
439	1.4695 
440	1.4696 
441	1.4696 
442	1.4697 
443	1.4697 
444	1.4698 
445	1.4698 
446	1.4699 
447	1.4700 
448	1.4701 
449	1.4701 
450	1.4702 
451	1.4703 
452	1.4704 
453	1.4705 
454	1.4706 
455	1.4707 
456	1.4709 
457	1.4710 
458	1.4711 
459	1.4713 
460	1.4714 
461	1.4715 
462	1.4716 
463	1.4717 
464	1.4718 
465	1.4718 
466	1.4719 
467	1.4719 
468	1.4720 
469	1.4720 
470	1.4721 
471	1.4721 
472	1.4721 
473	1.4721 
474	1.4721 
475	1.4721 
476	1.4721 
477	1.4721 
478	1.4722 
479	1.4722 
480	1.4722 
481	1.4722 
482	1.4723 
483	1.4723 
484	1.4724 
485	1.4724 
486	1.4726 
487	1.4727 
488	1.4728 
489	1.4729 
490	1.4730 
491	1.4732 
492	1.4734 
493	1.4736 
494	1.4738 
495	1.4740 
496	1.4743 
497	1.4746 
498	1.4749 
499	1.4751 
500	1.4754 
501	1.4757 
502	1.4760 
503	1.4763 
504	1.4766 
505	1.4769 
506	1.4772 
507	1.4775 
508	1.4779 
509	1.4782 
510	1.4785 
511	1.4787 
512	1.4790 
513	1.4793 
514	1.4795 
515	1.4798 
516	1.4800 
517	1.4803 
518	1.4805 
519	1.4807 
520	1.4809 
521	1.4811 
522	1.4812 
523	1.4814 
524	1.4815 
525	1.4817 
526	1.4818 
527	1.4819 
528	1.4820 
529	1.4821 
530	1.4822 
531	1.4822 
532	1.4823 
533	1.4823 
534	1.4824 
535	1.4824 
536	1.4825 
537	1.4825 
538	1.4825 
539	1.4825 
540	1.4825 
541	1.4825 
542	1.4826 
543	1.4826 
544	1.4826 
545	1.4826 
546	1.4826 
547	1.4826 
548	1.4826 
549	1.4827 
550	1.4827 
551	1.4827 
552	1.4827 
553	1.4827 
554	1.4827 
555	1.4827 
556	1.4826 
557	1.4826 
558	1.4826 
559	1.4826 
560	1.4826 
561	1.4826 
562	1.4825 
563	1.4825 
564	1.4825 
565	1.4824 
566	1.4824 
567	1.4823 
568	1.4823 
569	1.4822 
570	1.4822 
571	1.4822 
572	1.4821 
573	1.4821 
574	1.4820 
575	1.4820 
576	1.4819 
577	1.4819 
578	1.4818 
579	1.4817 
580	1.4817 
581	1.4816 
582	1.4816 
583	1.4816 
584	1.4815 
585	1.4815 
586	1.4814 
587	1.4814 
588	1.4814 
589	1.4813 
590	1.4813 
591	1.4812 
592	1.4812 
593	1.4811 
594	1.4811 
595	1.4810 
596	1.4810 
597	1.4810 
598	1.4809 
599	1.4809 
600	1.4809 
601	1.4808 
602	1.4808 
603	1.4807 
604	1.4807 
605	1.4806 
606	1.4806 
607	1.4805 
608	1.4805 
609	1.4804 
610	1.4803 
611	1.4803 
612	1.4802 
613	1.4801 
614	1.4800 
615	1.4800 
616	1.4799 
617	1.4799 
618	1.4798 
619	1.4797 
620	1.4797 
621	1.4796 
622	1.4796 
623	1.4795 
624	1.4794 
625	1.4794 
626	1.4793 
627	1.4792 
628	1.4792 
629	1.4791 
630	1.4791 
631	1.4790 
632	1.4789 
633	1.4788 
634	1.4787 
635	1.4786 
636	1.4785 
637	1.4784 
638	1.4782 
639	1.4781 
640	1.4780 
641	1.4778 
642	1.4776 
643	1.4774 
644	1.4772 
645	1.4771 
646	1.4768 
647	1.4765 
648	1.4763 
649	1.4760 
650	1.4757 
651	1.4754 
652	1.4750 
653	1.4747 
654	1.4743 
655	1.4740 
656	1.4736 
657	1.4732 
658	1.4728 
659	1.4724 
660	1.4720 
661	1.4716 
662	1.4713 
663	1.4709 
664	1.4706 
665	1.4702 
666	1.4700 
667	1.4698 
668	1.4696 
669	1.4694 
670	1.4692 
671	1.4693 
672	1.4693 
673	1.4694 
674	1.4694 
675	1.4695 
676	1.4698 
677	1.4702 
678	1.4706 
679	1.4709 
680	1.4713 
681	1.4719 
682	1.4725 
683	1.4730 
684	1.4736 
685	1.4742 
686	1.4749 
687	1.4756 
688	1.4762 
689	1.4769 
690	1.4776 
691	1.4782 
692	1.4788 
693	1.4794 
694	1.4800 
695	1.4807 
696	1.4811 
697	1.4816 
698	1.4821 
699	1.4825 
700	1.4830 
701	1.4833 
702	1.4836 
703	1.4839 
704	1.4842 
705	1.4845 
706	1.4846 
707	1.4848 
708	1.4849 
709	1.4850 
710	1.4852 
711	1.4852 
712	1.4853 
713	1.4853 
714	1.4854 
715	1.4854 
716	1.4854 
717	1.4854 
718	1.4854 
719	1.4855 
720	1.4855 
721	1.4854 
722	1.4854 
723	1.4854 
724	1.4854 
725	1.4854 
726	1.4854 
727	1.4854 
728	1.4854 
729	1.4855 
730	1.4855 
731	1.4855 
732	1.4855 
733	1.4856 
734	1.4856 
735	1.4856 
736	1.4857 
737	1.4857 
738	1.4857 
739	1.4858 
740	1.4858 
741	1.4858 
742	1.4858 
743	1.4859 
744	1.4859 
745	1.4859 
746	1.4859 
747	1.4860 
748	1.4860 
749	1.4860 
750	1.4860 
751	1.4860 
752	1.4861 
753	1.4861 
754	1.4861 
755	1.4861 
756	1.4861 
757	1.4861 
758	1.4861 
759	1.4861 
760	1.4862 
761	1.4862 
762	1.4862 
763	1.4862 
764	1.4862 
765	1.4862 
766	1.4862 
767	1.4862 
768	1.4862 
769	1.4862 
770	1.4862 
771	1.4862 
772	1.4862 
773	1.4863 
774	1.4863 
775	1.4863 
776	1.4863 
777	1.4863 
778	1.4863 
779	1.4863 
780	1.4864 
781	1.4864 
782	1.4864 
783	1.4864 
784	1.4864 
785	1.4864 
786	1.4864 
787	1.4865 
788	1.4865 
789	1.4865 
790	1.4865 
791	1.4865 
792	1.4865 
793	1.4865 
794	1.4865 
795	1.4865 
796	1.4865 
797	1.4865 
798	1.4865 
799	1.4865 
800	1.4865 
801	1.4865 
802	1.4865 
803	1.4865 
804	1.4865 
805	1.4865 
806	1.4865 
807	1.4865 
808	1.4865 
809	1.4865 
810	1.4865 
811	1.4866 
812	1.4866 
813	1.4866 
814	1.4866 
815	1.4866 
816	1.4866 
817	1.4866 
818	1.4866 
819	1.4866 
820	1.4866 
821	1.4866 
822	1.4866 
823	1.4866 
824	1.4866 
825	1.4866 
826	1.4866 
827	1.4866 
828	1.4866 
829	1.4866 
830	1.4866 
831	1.4866 
832	1.4866 
833	1.4866 
834	1.4866 
835	1.4866 
836	1.4866 
837	1.4866 
838	1.4866 
839	1.4866 
840	1.4866 
841	1.4866 
842	1.4866 
843	1.4866 
844	1.4866 
845	1.4866 
846	1.4866 
847	1.4866 
848	1.4866 
849	1.4866 
850	1.4866 
851	1.4866 
852	1.4866 
853	1.4866 
854	1.4866 
855	1.4866 
856	1.4866 
857	1.4865 
858	1.4865 
859	1.4865 
860	1.4865 
861	1.4865 
862	1.4865 
863	1.4866 
864	1.4866 
865	1.4866 
866	1.4866 
867	1.4865 
868	1.4865 
869	1.4865 
870	1.4865 
871	1.4865 
872	1.4865 
873	1.4865 
874	1.4866 
875	1.4866 
876	1.4866 
877	1.4866 
878	1.4866 
879	1.4865 
880	1.4865 
881	1.4866 
882	1.4866 
883	1.4866 
884	1.4866 
885	1.4866 
886	1.4866 
887	1.4866 
888	1.4866 
889	1.4866 
890	1.4866 
891	1.4866 
892	1.4866 
893	1.4866 
894	1.4866 
895	1.4866 
896	1.4866 
897	1.4867 
898	1.4867 
899	1.4867 
900	1.4867 
901	1.4867 
902	1.4867 
903	1.4867 
904	1.4867 
905	1.4867 
906	1.4867 
907	1.4867 
908	1.4867 
909	1.4867 
910	1.4867 
911	1.4868 
912	1.4868 
913	1.4868 
914	1.4868 
915	1.4869 
916	1.4869 
917	1.4869 
918	1.4869 
919	1.4869 
920	1.4869 
921	1.4869 
922	1.4869 
923	1.4869 
924	1.4869 
925	1.4868 
926	1.4869 
927	1.4869 
928	1.4869 
929	1.4869 
930	1.4869 
931	1.4869 
932	1.4869 
933	1.4869 
934	1.4869 
935	1.4869 
936	1.4869 
937	1.4870 
938	1.4870 
939	1.4870 
940	1.4870 
941	1.4871 
942	1.4871 
943	1.4871 
944	1.4871 
945	1.4872 
946	1.4872 
947	1.4872 
948	1.4873 
949	1.4873 
950	1.4873 
951	1.4873 
952	1.4874 
953	1.4874 
954	1.4874 
955	1.4874 
956	1.4874 
957	1.4874 
958	1.4874 
959	1.4874 
960	1.4873 
961	1.4873 
962	1.4873 
963	1.4872 
964	1.4872 
